Source:
http://dspace.dsto.defence.gov.au/dspace/bitstream/1947/4010/1/DSTO-TR-0479%20PR.pdf

Coeffiecients for degrees
	0	23	50		Gear Down	
CNa	 0.0853	 0.0915	 0.0938		 0.0838	-0.0015
Cma	-0.0065	-0.0150	-0.0150		-0.0150	-0.0085
Cmq	-15.300	-15.300	-15.300		-15.300	 0.0000
Cnde	 0.0001	 0.0080	 0.0080		 0.0007	 0.0005
Cmde	-0.0193	-0.0260	-0.0243		-0.0232	-0.0039
						
CYb	-0.0132	-0.0164	-0.0182		-0.0158	-0.0026
Cnb	 0.0014	 0.0024	 0.0030		 0.0023	 0.0008
Clb	-0.0014	-0.0014	-0.0014		-0.0014	 0.0000
Cnr	-0.2110	-0.1900	-0.1200		-0.2200	-0.0090
Clr	 0.1200	 0.1700	 0.2700		 0.1340	 0.0140
Cnp	-0.0556	-0.0500	-0.0500		-0.1000	-0.0444
Clp	-0.4750	-0.4750	-0.4750		-0.4750	 0.0000
CYdr	 0.0034	 0.0034	 0.0034		 0.0034	 0.0000
Cndr	-0.0019	-0.0019	-0.0019		-0.0019	 0.0000
Clda	-0.0017	-0.0014	-0.0015		-0.0014	 0.0004
						
						
Coeffiecients for radians
						
CNa	 4.8873	 5.2426	 5.3743		 4.8014	-0.0859
Cma	-0.3741	-0.8594	-0.8594		-0.8594	-0.4853
Cnde	 0.0081	 0.4584	 0.4584		 0.0384	 0.0303
Cmde	-1.1058	-1.4897	-1.3923		-1.3293	-0.2235

CYb	-0.7563	-0.9397	-1.0428		-0.9053	-0.1490
Cnb	 0.0825	 0.1369	 0.1730		 0.1289	 0.0464
Clb	-0.0802	-0.0802	-0.0802		-0.0802	 0.0000
CYdr	 0.1937	 0.1937	 0.1937		 0.1937	 0.0000
Cndr	-0.1089	-0.1089	-0.1089		-0.1089	 0.0000
Clda	-0.0991	-0.0825	-0.0865		-0.0791	 0.0201

